table =
  32x2 table

    Var1    Var2
    ____    ____

     130     0.3
     140     0.7
     150     1.1
     160     1.5
     170     1.9
     180     2.3
     190     2.7
     200     3.1
     210     3.5
     220     3.9
     230     4.3
     240     4.7
     250     5.1
     260     5.5
     270     5.9
     280     6.3
     300     7.1
     320     7.9
     340     8.7
     360     9.5
     380    10.3
     400    11.1
     420    11.9
     440    12.7
     480    14.3
     520    15.9
     560    17.5
     600    19.1
     680    22.3
     760    25.5
     920    31.9
    1240    44.7

x =
         130
         140
         150
         160
         170
         180
         190
         200
         210
         220
         230
         240
         250
         260
         270
         280
         300
         320
         340
         360
         380
         400
         420
         440
         480
         520
         560
         600
         680
         760
         920
        1240

y =
    0.3000
    0.7000
    1.1000
    1.5000
    1.9000
    2.3000
    2.7000
    3.1000
    3.5000
    3.9000
    4.3000
    4.7000
    5.1000
    5.5000
    5.9000
    6.3000
    7.1000
    7.9000
    8.7000
    9.5000
   10.3000
   11.1000
   11.9000
   12.7000
   14.3000
   15.9000
   17.5000
   19.1000
   22.3000
   25.5000
   31.9000
   44.7000

n = 32
sx = 12000
sy = 323.2000
sxx = 6416800
sxy = 197872
D = 61337600
A = -4.9000
B = 0.0400

Y =
    0.3000
    0.7000
    1.1000
    1.5000
    1.9000
    2.3000
    2.7000
    3.1000
    3.5000
    3.9000
    4.3000
    4.7000
    5.1000
    5.5000
    5.9000
    6.3000
    7.1000
    7.9000
    8.7000
    9.5000
   10.3000
   11.1000
   11.9000
   12.7000
   14.3000
   15.9000
   17.5000
   19.1000
   22.3000
   25.5000
   31.9000
   44.7000

d =
   1.0e-14 *

    0.0167
   -0.0222
    0.0444
         0
    0.0444
         0
         0
    0.0444
         0
   -0.0444
   -0.0888
    0.0888
         0
         0
         0
   -0.0888
         0
         0
         0
         0
         0
         0
         0
   -0.1776
    0.1776
         0
         0
         0
    0.3553
         0
   -0.7105
         0

sdd = 7.2652e-29
s2 = 2.4217e-30
sA = 5.0334e-16
sB = 1.1240e-18
EA = -1.0272e-14
EB = 2.8101e-15