table =
  32x2 table

    Var1    Var2
    ____    ____

     130       0
     140       0
     150       0
     160       0
     170       0
     180       0
     190       0
     200       0
     210       0
     220       0
     230       0
     240       0
     250    0.07
     260    0.15
     270    0.24
     280    0.32
     300    0.48
     320    0.64
     340     0.8
     360    0.97
     380    1.13
     400    1.29
     420    1.45
     440    1.62
     480    1.94
     520    2.27
     560    2.56
     600    2.92
     680    3.57
     760    4.22
     920    5.52
    1240    8.12

x =
         250
         260
         270
         280
         300
         320
         340
         360
         380
         400
         420
         440
         480
         520
         560
         600
         680
         760
         920
        1240

y =
    0.0700
    0.1500
    0.2400
    0.3200
    0.4800
    0.6400
    0.8000
    0.9700
    1.1300
    1.2900
    1.4500
    1.6200
    1.9400
    2.2700
    2.5600
    2.9200
    3.5700
    4.2200
    5.5200
    8.1200

n = 20
sx = 9780
sy = 40.2800
sxx = 5991800
sxy = 2.9527e+04
D = 24187600
A = -1.9608
B = 0.0081

Y =
    0.0713
    0.1526
    0.2339
    0.3152
    0.4777
    0.6403
    0.8029
    0.9654
    1.1280
    1.2906
    1.4531
    1.6157
    1.9408
    2.2660
    2.5911
    2.9163
    3.5665
    4.2168
    5.5174
    8.1185

d =
   -0.0013
   -0.0026
    0.0061
    0.0048
    0.0023
   -0.0003
   -0.0029
    0.0046
    0.0020
   -0.0006
   -0.0031
    0.0043
   -0.0008
    0.0040
   -0.0311
    0.0037
    0.0035
    0.0032
    0.0026
    0.0015

sdd = 0.0012
s2 = 6.4845e-05
sA = 0.0040
sB = 7.3224e-06
EA = -0.2044
EB = 0.0901