>> p1_4.m

x =
  Columns 1 through 14

   40.1000   38.8000   41.9000   35.1000   37.9000   40.0000   44.3000   50.2000   35.8000
   34.7000   40.7000   33.8000   52.5000   40.5000

  Columns 15 through 28

   41.5000   40.9000   43.6000   39.2000   45.7000   45.6000   45.2000   41.6000   45.7000
   48.5000   41.8000   43.2000   42.7000   45.6000

  Columns 29 through 30

   49.8000   35.9000

n = 30
S = 1.2628e+03
m = 42.0933

d =
  Columns 1 through 14

   -1.9933   -3.2933   -0.1933   -6.9933   -4.1933   -2.0933    2.2067    8.1067   -6.2933
   -7.3933   -1.3933   -8.2933   10.4067   -1.5933

  Columns 15 through 28

   -0.5933   -1.1933    1.5067   -2.8933    3.6067    3.5067    3.1067   -0.4933    3.6067
   6.4067   -0.2933    1.1067    0.6067    3.5067

  Columns 29 through 30

    7.7067   -6.1933

d2 =
  Columns 1 through 14

    3.9734   10.8460    0.0374   48.9067   17.5840    4.3820    4.8694   65.7180   39.6060
    54.6614    1.9414   68.7794  108.2987    2.5387

  Columns 15 through 28

    0.3520    1.4240    2.2700    8.3714   13.0080   12.2967    9.6514    0.2434   13.0080
    41.0454    0.0860    1.2247    0.3680   12.2967

  Columns 29 through 30

   59.3927   38.3574

S2 = 645.5387
s = 0.8614
P = 0.1000
e = 0.8614
E = 2.0464
