table =
  12×3 table

    Var1    Var2     Var3 
    ____    ____    ______

     20     130        135
     30     120      93.93
     40     110      65.12
     50     100      44.76
     60      90      27.22
     70      80       9.29
     80      70      -7.03
     90      60     -23.79
    100      50      -43.2
    110      40     -63.28
    120      30     -91.59
    130      20       -129

X =
    20
    30
    40
    50
    60
    70
    80
    90
   100
   110
   120
   130

Y =
  335.0000
  293.9300
  265.1200
  244.7600
  227.2200
  209.2900
  192.9700
  176.2100
  156.8000
  136.7200
  108.4100
   71.0000

x =
    1.3010
    1.4771
    1.6021
    1.6990
    1.7782
    1.8451
    1.9031
    1.9542
    2.0000
    2.0414
    2.0792
    2.1139

y =
    2.5250
    2.4682
    2.4234
    2.3887
    2.3564
    2.3207
    2.2855
    2.2460
    2.1953
    2.1358
    2.0351
    1.8513

n = 12
sx = 21.7943
sy = 27.2317

xx =
    1.6927
    2.1819
    2.5666
    2.8865
    3.1618
    3.4044
    3.6218
    3.8191
    4.0000
    4.1673
    4.3230
    4.4688

sxx = 40.2937

yy =
    6.3759
    6.0922
    5.8731
    5.7061
    5.5528
    5.3859
    5.2235
    5.0447
    4.8195
    4.5618
    4.1415
    3.4272

syy = 62.2041

xy =
    3.2852
    3.6459
    3.8825
    4.0584
    4.1901
    4.2820
    4.3495
    4.3893
    4.3907
    4.3601
    4.2313
    3.9135

sxy = 48.9784
D = 8.5340
DD = 4.8835
A = 3.4940
B = -0.6743

Y =
    2.6167
    2.4980
    2.4137
    2.3484
    2.2950
    2.2498
    2.2107
    2.1762
    2.1454
    2.1174
    2.0920
    2.0685

d =
   -0.0917
   -0.0297
    0.0097
    0.0404
    0.0615
    0.0709
    0.0748
    0.0698
    0.0500
    0.0184
   -0.0569
   -0.2173

dd =
    0.0084
    0.0009
    0.0001
    0.0016
    0.0038
    0.0050
    0.0056
    0.0049
    0.0025
    0.0003
    0.0032
    0.0472

sdd = 0.0836
s2 = 0.0084
sA = 0.1986
sB = 0.1084
EA = 5.6850
EB = -16.0748
a = 3.1192e+03
b = -0.6743
sa = 1.4266e+03
sb = 0.1084
Ea = 45.7374
Eb = -16.0748
R = -0.8914
