>> p4_1_2

table =
  20x2 table

    Var1    Var2
    ____    ____

       0    300 
     0.2    287 
     0.3    230 
    0.42    182 
    0.45    167 
    0.54    132 
    0.64    110 
    0.73     93 
     0.8     81 
    0.88     71 
    0.94     64 
    0.98     60 
    1.06     53 
    1.11     50 
    1.18     45 
    1.24     42 
    1.31     39 
    1.39     37 
    1.44     34 
    1.57     32 

x =
   -0.6990
   -0.5229
   -0.3768
   -0.3468
   -0.2676
   -0.1938
   -0.1367
   -0.0969
   -0.0555
   -0.0269
   -0.0088
    0.0253
    0.0453
    0.0719
    0.0934
    0.1173
    0.1430
    0.1584
    0.1959

y =
    2.4579
    2.3617
    2.2601
    2.2227
    2.1206
    2.0414
    1.9685
    1.9085
    1.8513
    1.8062
    1.7782
    1.7243
    1.6990
    1.6532
    1.6232
    1.5911
    1.5682
    1.5315
    1.5051

n = 19
sx = -1.8811
sy = 35.6725
sxx = 1.2795
sxy = -4.8199
D = 20.7729
A = 1.7609
B = -1.1782

Y =
    2.5844
    2.3769
    2.2047
    2.1694
    2.0761
    1.9892
    1.9219
    1.8750
    1.8263
    1.7925
    1.7712
    1.7310
    1.7075
    1.6762
    1.6508
    1.6227
    1.5924
    1.5743
    1.5300

d =
   -0.1265
   -0.0152
    0.0553
    0.0533
    0.0444
    0.0522
    0.0466
    0.0335
    0.0250
    0.0137
    0.0070
   -0.0068
   -0.0085
   -0.0230
   -0.0275
   -0.0316
   -0.0242
   -0.0428
   -0.0249

sdd = 0.0364
s2 = 0.0021
sA = 0.0115
sB = 0.0443
EA = 0.6523
EB = -3.7569
a = 57.6575
b = -1.1782
sa = 1.5250
sb = 0.0443
Ea = 2.6449
Eb = -3.7569