table =
  12×2 table
    Var1    Var2
    ____    ____

      2     1.77
    2.4     1.48
    2.6     1.36
    2.8     1.26
      3     1.18
    3.2     1.11
    3.4     1.04
    3.6     0.98
    3.8     0.93
      4     0.89
    4.2     0.84
    4.4      0.8

table_ =
    2.0000    1.7700
    2.4000    1.4800
    2.6000    1.3600
    2.8000    1.2600
    3.0000    1.1800
    3.2000    1.1100
    3.4000    1.0400
    3.6000    0.9800
    3.8000    0.9300
    4.0000    0.8900
    4.2000    0.8400
    4.4000    0.8000

x =
    2.0000
    2.4000
    2.6000
    2.8000
    3.0000
    3.2000
    3.4000
    3.6000
    3.8000
    4.0000
    4.2000
    4.4000

y =
    1.7700
    1.4800
    1.3600
    1.2600
    1.1800
    1.1100
    1.0400
    0.9800
    0.9300
    0.8900
    0.8400
    0.8000

x_m =
    0.0020
    0.0024
    0.0026
    0.0028
    0.0030
    0.0032
    0.0034
    0.0036
    0.0038
    0.0040
    0.0042
    0.0044

ex_m = 2.0000e-04

y_f = 1.0e+12 *
    1.7700
    1.4800
    1.3600
    1.2600
    1.1800
    1.1100
    1.0400
    0.9800
    0.9300
    0.8900
    0.8400
    0.8000

x =
   -6.2146
   -6.0323
   -5.9522
   -5.8781
   -5.8091
   -5.7446
   -5.6840
   -5.6268
   -5.5728
   -5.5215
   -5.4727
   -5.4262

y =
   28.2020
   28.0231
   27.9385
   27.8621
   27.7965
   27.7354
   27.6702
   27.6108
   27.5585
   27.5145
   27.4567
   27.4079

n = 12
sx = -68.9349
sy = 332.7762

xx =
   38.6214
   36.3885
   35.4292
   34.5525
   33.7461
   33.0005
   32.3076
   31.6611
   31.0556
   30.4865
   29.9501
   29.4431

sxx = 396.6422

yy =
  795.3528
  785.2921
  780.5601
  776.2984
  772.6474
  769.2514
  765.6423
  762.3573
  759.4682
  757.0470
  753.8686
  751.1918

syy = 9.2290e+03

xy =
 -175.2644
 -169.0431
 -166.2968
 -163.7774
 -161.4740
 -159.3288
 -157.2771
 -155.3611
 -153.5765
 -151.9202
 -150.2613
 -148.7193

sxy = -1.9123e+03
D = 7.6921
DD = 7.7539
A = 21.9642
B = -1.0039

Y =
   28.2032
   28.0202
   27.9398
   27.8654
   27.7962
   27.7314
   27.6705
   27.6131
   27.5589
   27.5074
   27.4584
   27.4117

d =
   -0.0012
    0.0029
   -0.0013
   -0.0033
    0.0004
    0.0040
   -0.0003
   -0.0023
   -0.0004
    0.0071
   -0.0017
   -0.0038

dd = 1.0e-04 *
    0.0151
    0.0825
    0.0176
    0.1091
    0.0013
    0.1601
    0.0008
    0.0536
    0.0016
    0.5079
    0.0293
    0.1443

sdd = 1.1232e-04
s2 = 1.1232e-05
sA = 0.0241
sB = 0.0042
EA = 0.1096
EB = 0.4170
R = -0.9999

e = 2.7183
a = 3.4589e+09
b = -1.0039
sa = 8.3244e+07
sb = 0.0042
Ea = 2.4066
Eb = 0.4170

area = 4.0000e-04
earea = 1.0000e-05
e = 8.6474e+12
ee = 1.7996e+24
EE = 2.0811e+13
