>> p6_1_2

table =
  32x2 table

    Var1    Var2
    ____    ____

      0        0
    0.1     0.01
    0.2     0.04
    0.3     0.09
    0.3     0.17
    0.4     0.26
    0.5     0.37
    0.6     0.51
    0.7     0.67
    0.8     0.84
    0.8     1.04
    0.9     1.26
      1      1.5
    1.1     1.76
    1.2     2.04
    1.3     2.34
    1.3     2.67
    1.4     3.01
    1.5     3.37
    1.6     3.76
    1.7     4.17
    1.8     4.59
    1.8     5.04
    1.9     5.51
      2        6
    2.1     6.51
    2.2     7.04
    2.3     7.59
    2.3     8.17
    2.4     8.76
    2.5     9.37
    2.6       10

X =
   -1.0000
   -0.6990
   -0.5229
   -0.5229
   -0.3979
   -0.3010
   -0.2218
   -0.1549
   -0.0969
   -0.0969
   -0.0458
         0
    0.0414
    0.0792
    0.1139
    0.1139
    0.1461
    0.1761
    0.2041
    0.2304
    0.2553
    0.2553
    0.2788
    0.3010
    0.3222
    0.3424
    0.3617
    0.3617
    0.3802
    0.3979
    0.4150

Y =
   -2.0000
   -1.3979
   -1.0458
   -0.7696
   -0.5850
   -0.4318
   -0.2924
   -0.1739
   -0.0757
    0.0170
    0.1004
    0.1761
    0.2455
    0.3096
    0.3692
    0.4265
    0.4786
    0.5276
    0.5752
    0.6201
    0.6618
    0.7024
    0.7412
    0.7782
    0.8136
    0.8476
    0.8802
    0.9122
    0.9425
    0.9717
    1.0000

p = 2.0882    0.1558
v =
   -1.9325
   -1.3038
   -0.9361
   -0.9361
   -0.6752
   -0.4729
   -0.3075
   -0.1677
   -0.0466
   -0.0466
    0.0602
    0.1558
    0.2422
    0.3211
    0.3937
    0.3937
    0.4609
    0.5235
    0.5820
    0.6370
    0.6888
    0.6888
    0.7379
    0.7844
    0.8286
    0.8708
    0.9111
    0.9111
    0.9497
    0.9867
    1.0223

caption = 'y = (0.16) + (2.09) x'
