>> p6_2_2

table =
  32x2 table

    Var1    Var2
    ____    ____

      0        0
    0.1     0.25
    0.2      0.5
    0.3     0.75
    0.3        1
    0.4     1.25
    0.5      1.5
    0.6     1.75
    0.7        2
    0.8     2.25
    0.8      2.5
    0.9     2.75
      1        3
    1.1     3.25
    1.2      3.5
    1.3     3.75
    1.3        4
    1.4     4.25
    1.5      4.5
    1.6     4.75
    1.7        5
    1.8     5.25
    1.8      5.5
    1.9     5.75
      2        6
    2.1     6.25
    2.2      6.5
    2.3     6.75
    2.3        7
    2.4     7.25
    2.5      7.5
    2.6     7.75

x =
         0
    0.1000
    0.2000
    0.3000
    0.3000
    0.4000
    0.5000
    0.6000
    0.7000
    0.8000
    0.8000
    0.9000
    1.0000
    1.1000
    1.2000
    1.3000
    1.3000
    1.4000
    1.5000
    1.6000
    1.7000
    1.8000
    1.8000
    1.9000
    2.0000
    2.1000
    2.2000
    2.3000
    2.3000
    2.4000
    2.5000
    2.6000

y =
         0
    0.2500
    0.5000
    0.7500
    1.0000
    1.2500
    1.5000
    1.7500
    2.0000
    2.2500
    2.5000
    2.7500
    3.0000
    3.2500
    3.5000
    3.7500
    4.0000
    4.2500
    4.5000
    4.7500
    5.0000
    5.2500
    5.5000
    5.7500
    6.0000
    6.2500
    6.5000
    6.7500
    7.0000
    7.2500
    7.5000
    7.7500

n = 32
sx = 41.6000
sy = 124
sxx = 72.9600
sxy = 217.9000
syy = 651
D = 604.1600
A = -0.0291
B = 3.0032

Y =
   -0.0291
    0.2712
    0.5715
    0.8718
    0.8718
    1.1721
    1.4725
    1.7728
    2.0731
    2.3734
    2.3734
    2.6737
    2.9740
    3.2744
    3.5747
    3.8750
    3.8750
    4.1753
    4.4756
    4.7760
    5.0763
    5.3766
    5.3766
    5.6769
    5.9772
    6.2775
    6.5779
    6.8782
    6.8782
    7.1785
    7.4788
    7.7791

d =
    0.0291
   -0.0212
   -0.0715
   -0.1218
    0.1282
    0.0779
    0.0275
   -0.0228
   -0.0731
   -0.1234
    0.1266
    0.0763
    0.0260
   -0.0244
   -0.0747
   -0.1250
    0.1250
    0.0747
    0.0244
   -0.0260
   -0.0763
   -0.1266
    0.1234
    0.0731
    0.0228
   -0.0275
   -0.0779
   -0.1282
    0.1218
    0.0715
    0.0212
   -0.0291

sdd = 0.2198
s2 = 0.0073
sA = 0.0297
sB = 0.0197
EA = -102.1100
EB = 0.6560
px = 1.3000
py = 3.8750

dx =
   -1.3000
   -1.2000
   -1.1000
   -1.0000
   -1.0000
   -0.9000
   -0.8000
   -0.7000
   -0.6000
   -0.5000
   -0.5000
   -0.4000
   -0.3000
   -0.2000
   -0.1000
         0
         0
    0.1000
    0.2000
    0.3000
    0.4000
    0.5000
    0.5000
    0.6000
    0.7000
    0.8000
    0.9000
    1.0000
    1.0000
    1.1000
    1.2000
    1.3000

dy =
   -3.8750
   -3.6250
   -3.3750
   -3.1250
   -2.8750
   -2.6250
   -2.3750
   -2.1250
   -1.8750
   -1.6250
   -1.3750
   -1.1250
   -0.8750
   -0.6250
   -0.3750
   -0.1250
    0.1250
    0.3750
    0.6250
    0.8750
    1.1250
    1.3750
    1.6250
    1.8750
    2.1250
    2.3750
    2.6250
    2.8750
    3.1250
    3.3750
    3.6250
    3.8750

dxx = 18.8800
dyy = 170.5000
R = 0.9994