>> p5_2_2

table =
  32x2 table
    Var1     Var2 
    ____    ______

      0         -5
      0     -4.625
    0.1      -4.25
    0.1     -3.875
    0.2       -3.5
    0.2     -3.125
    0.3      -2.75
    0.3     -2.375
    0.4     -1.625
    0.4      -1.25
    0.5     -0.875
    0.5       -0.5
    0.6       0.25
    0.6      0.625
    0.7          1
    0.7      1.375
    0.8       1.75
    0.8      2.125
    0.8        2.5
    0.9      2.875
      1      3.625
      1          4
      1      4.375
    1.1       4.75
    1.2        5.5
    1.2      5.875
    1.3       6.25
    1.3      6.625
    1.3          7
    1.4      7.375
    1.4       7.75
    1.5      8.125

x =
         0
         0
    0.1000
    0.1000
    0.2000
    0.2000
    0.3000
    0.3000
    0.4000
    0.4000
    0.5000
    0.5000
    0.6000
    0.6000
    0.7000
    0.7000
    0.8000
    0.8000
    0.8000
    0.9000
    1.0000
    1.0000
    1.0000
    1.1000
    1.2000
    1.2000
    1.3000
    1.3000
    1.3000
    1.4000
    1.4000
    1.5000

y =
   -5.0000
   -4.6250
   -4.2500
   -3.8750
   -3.5000
   -3.1250
   -2.7500
   -2.3750
   -1.6250
   -1.2500
   -0.8750
   -0.5000
    0.2500
    0.6250
    1.0000
    1.3750
    1.7500
    2.1250
    2.5000
    2.8750
    3.6250
    4.0000
    4.3750
    4.7500
    5.5000
    5.8750
    6.2500
    6.6250
    7.0000
    7.3750
    7.7500
    8.1250

n = 32
sx = 23.6000
sy = 50
sxx = 23.8600
sxy = 94.4375
D = 206.5600
A = -5.0142
B = 8.9175

Y =
   -5.0142
   -5.0142
   -4.1224
   -4.1224
   -3.2307
   -3.2307
   -2.3389
   -2.3389
   -1.4472
   -1.4472
   -0.5554
   -0.5554
    0.3363
    0.3363
    1.2281
    1.2281
    2.1198
    2.1198
    2.1198
    3.0116
    3.9033
    3.9033
    3.9033
    4.7951
    5.6868
    5.6868
    6.5786
    6.5786
    6.5786
    7.4703
    7.4703
    8.3621

d =
    0.0142
    0.3892
   -0.1276
    0.2474
   -0.2693
    0.1057
   -0.4111
   -0.0361
   -0.1778
    0.1972
   -0.3196
    0.0554
   -0.0863
    0.2887
   -0.2281
    0.1469
   -0.3698
    0.0052
    0.3802
   -0.1366
   -0.2783
    0.0967
    0.4717
   -0.0451
   -0.1868
    0.1882
   -0.3286
    0.0464
    0.4214
   -0.0953
    0.2797
   -0.2371

sdd = 1.9361
s2 = 0.0645
sA = 0.0863
sB = 0.1000
EA = -1.7219
EB = 1.1213
