table =
  12×2 table
    Var1    Var2
    ____    ____

    400     1.77
    390     1.73
    380     1.68
    370     1.64
    360     1.59
    350     1.55
    340     1.51
    330     1.46
    320     1.42
    310     1.37
    300     1.33
    290     1.28

table_ =
  400.0000    1.7700
  390.0000    1.7300
  380.0000    1.6800
  370.0000    1.6400
  360.0000    1.5900
  350.0000    1.5500
  340.0000    1.5100
  330.0000    1.4600
  320.0000    1.4200
  310.0000    1.3700
  300.0000    1.3300
  290.0000    1.2800

x =
   400
   390
   380
   370
   360
   350
   340
   330
   320
   310
   300
   290

y =
    1.7700
    1.7300
    1.6800
    1.6400
    1.5900
    1.5500
    1.5100
    1.4600
    1.4200
    1.3700
    1.3300
    1.2800

x_m2 = 1.0e-03 *
    0.4000
    0.3900
    0.3800
    0.3700
    0.3600
    0.3500
    0.3400
    0.3300
    0.3200
    0.3100
    0.3000
    0.2900

ex_m = 1.0000e-05

y_f = 1.0e+12 *
    1.7700
    1.7300
    1.6800
    1.6400
    1.5900
    1.5500
    1.5100
    1.4600
    1.4200
    1.3700
    1.3300
    1.2800

x = 1.0e-03 *
    0.4000
    0.3900
    0.3800
    0.3700
    0.3600
    0.3500
    0.3400
    0.3300
    0.3200
    0.3100
    0.3000
    0.2900

y = 1.0e+12 *
    1.7700
    1.7300
    1.6800
    1.6400
    1.5900
    1.5500
    1.5100
    1.4600
    1.4200
    1.3700
    1.3300
    1.2800

n = 12
sx = 0.0041
sy = 1.8330e+13

xx = 1.0e-06 *
    0.1600
    0.1521
    0.1444
    0.1369
    0.1296
    0.1225
    0.1156
    0.1089
    0.1024
    0.0961
    0.0900
    0.0841

sxx = 1.4426e-06

yy = 1.0e+24 *
    3.1329
    2.9929
    2.8224
    2.6896
    2.5281
    2.4025
    2.2801
    2.1316
    2.0164
    1.8769
    1.7689
    1.6384

syy = 2.8281e+25

xy = 1.0e+08 *
    7.0800
    6.7470
    6.3840
    6.0680
    5.7240
    5.4250
    5.1340
    4.8180
    4.5440
    4.2470
    3.9900
    3.7120

sxy = 6.3873e+09
D = 1.7160e-07
DD = 3.3795e+24
A = -3.2867e+09
B = 4.4371e+15

Y = 1.0e+12 *
    1.7715
    1.7272
    1.6828
    1.6384
    1.5941
    1.5497
    1.5053
    1.4609
    1.4166
    1.3722
    1.3278
    1.2835

d = 1.0e+09 *
   -1.5385
    2.8322
   -2.7972
    1.5734
   -4.0559
    0.3147
    4.6853
   -0.9441
    3.4266
   -2.2028
    2.1678
   -3.4615

dd = 1.0e+19 *
    0.2367
    0.8021
    0.7824
    0.2476
    1.6451
    0.0099
    2.1952
    0.0891
    1.1741
    0.4852
    0.4699
    1.1982

sdd = 9.3357e+19
s2 = 9.3357e+18
sA = 8.8590e+09
sB = 2.5551e+13
EA = 269.5412
EB = 0.5758
R = 0.9998

distancia = 0.0020
edistancia = 2.0000e-04
e = 8.8741e+12
ee = 8.8888e+11
EE = 10.0166
