>> p5_1_2

table =
  32x2 table

    Var1    Var2 
    ____    _____

      0         0
      0     0.292
    0.1     0.583
    0.1     0.875
    0.2     1.167
    0.2     1.458
    0.2      1.75
    0.3     2.042
    0.4     2.625
    0.4     2.917
    0.5     3.208
    0.5       3.5
    0.6     4.083
    0.6     4.375
    0.7     4.667
    0.7     4.958
    0.7      5.25
    0.8     5.542
    0.8     5.833
    0.9     6.125
      1     6.708
      1         7
      1     7.292
    1.1     7.583
    1.2     8.167
    1.2     8.458
    1.2      8.75
    1.3     9.042
    1.3     9.333
    1.4     9.625
    1.4     9.917
    1.5        10

x =
         0
         0
    0.1000
    0.1000
    0.2000
    0.2000
    0.2000
    0.3000
    0.4000
    0.4000
    0.5000
    0.5000
    0.6000
    0.6000
    0.7000
    0.7000
    0.7000
    0.8000
    0.8000
    0.9000
    1.0000
    1.0000
    1.0000
    1.1000
    1.2000
    1.2000
    1.2000
    1.3000
    1.3000
    1.4000
    1.4000
    1.5000

y =
         0
    0.2920
    0.5830
    0.8750
    1.1670
    1.4580
    1.7500
    2.0420
    2.6250
    2.9170
    3.2080
    3.5000
    4.0830
    4.3750
    4.6670
    4.9580
    5.2500
    5.5420
    5.8330
    6.1250
    6.7080
    7.0000
    7.2920
    7.5830
    8.1670
    8.4580
    8.7500
    9.0420
    9.3330
    9.6250
    9.9170
   10.0000

n = 32
sx = 23.3000
sy = 163.1250
sxx = 23.4100
sxy = 163.3416
D = 206.2300
A = 0.0625
B = 6.9152

Y =
    0.0625
    0.0625
    0.7541
    0.7541
    1.4456
    1.4456
    1.4456
    2.1371
    2.8286
    2.8286
    3.5201
    3.5201
    4.2116
    4.2116
    4.9032
    4.9032
    4.9032
    5.5947
    5.5947
    6.2862
    6.9777
    6.9777
    6.9777
    7.6692
    8.3608
    8.3608
    8.3608
    9.0523
    9.0523
    9.7438
    9.7438
   10.4353

d =
   -0.0625
    0.2295
   -0.1711
    0.1209
   -0.2786
    0.0124
    0.3044
   -0.0951
   -0.2036
    0.0884
   -0.3121
   -0.0201
   -0.1286
    0.1634
   -0.2362
    0.0548
    0.3468
   -0.0527
    0.2383
   -0.1612
   -0.2697
    0.0223
    0.3143
   -0.0862
   -0.1938
    0.0972
    0.3892
   -0.0103
    0.2807
   -0.1188
    0.1732
   -0.4353

sdd = 1.4254
s2 = 0.0475
sA = 0.0734
sB = 0.0859
EA = 117.4338
EB = 1.2417
